0.44	0.48	[0] i
1.76	2.04	[1] okay
2.32	2.36	[0] so
2.96	3.12	[0] how
3.16	3.2	[0] do
3.28	3.32	[0] we
3.44	3.68	[0] look
3.76	3.84	[0] up
3.92	4.0	[0] my
4.08	4.44	[0] account
4.6	4.64	[0] you
4.72	4.76	[0] have
4.96	5.0	[0] a
6.28	6.32	[0] for
6.76	6.8	[0] h
7.12	7.16	[0] in
7.28	7.36	[0] my
7.44	7.68	[0] name
8.56	8.68	[1] can
8.72	8.76	[1] you
8.84	9.04	[1] please
9.16	9.44	[1] confirm
9.52	9.56	[1] for
9.64	9.68	[1] me
9.8	9.96	[1] your
10.12	10.28	[1] date
10.32	10.36	[1] of
10.44	10.68	[1] birth
11.64	11.8	[0] five
12.0	12.24	[0] thirty
12.44	12.72	[0] sixty
12.8	13.0	[0] five
15.8	15.96	[1] ok
16.2	16.36	[1] thank
16.44	16.48	[1] you
17.6	17.64	[1] ca
17.92	18.08	[1] one
18.24	18.32	[1] ust
18.32	18.48	[1] once
18.52	19.08	[1] acuaple
19.16	19.2	[1] of
19.2	19.4	[1] yourc
19.44	19.64	[1] comunt
19.72	19.88	[1] here
24.56	24.76	[0] ok
24.96	25.12	[1] can
25.16	25.2	[1] you
25.28	25.52	[1] please
25.64	26.0	[1] confirm
26.04	26.08	[1] for
26.2	26.24	[1] me
26.4	26.68	[1] riky
26.76	26.92	[1] your
26.96	27.32	[1] mingling
27.36	27.8	[1] address
28.72	28.92	[0] seven
29.2	29.4	[0] twenty
29.52	30.08	[0] glenbvery
30.12	30.32	[0] way
30.48	30.84	[0] sose
31.04	31.56	[0] california
31.68	31.72	[0] n
32.0	32.16	[0] five
32.2	32.36	[0] one
32.44	32.6	[0] two
32.72	32.88	[0] three
34.96	35.12	[1] ok
35.36	35.56	[1] thank
35.6	35.64	[1] you
35.88	35.92	[1] so
37.0	37.2	[1] just
37.24	37.28	[1] to
37.32	37.36	[1] do
37.44	37.48	[1] a
37.56	37.76	[1] little
37.76	38.2	[1] recut
38.32	38.36	[1] you
38.44	38.68	[1] sad
38.76	38.8	[1] th
39.04	39.08	[1] you
39.28	39.32	[1] would
39.4	39.44	[1] like
39.64	39.68	[1] to
39.76	39.8	[1] know
41.48	41.52	[1] the
41.64	42.12	[1] regards
42.16	42.2	[1] to
42.32	42.52	[1] your
42.72	43.04	[1] last
44.64	45.04	[1] blls
45.04	45.08	[1] you
45.2	45.4	[1] got
45.56	45.6	[1] or
45.88	45.92	[1] you
46.16	46.48	[1] balance
46.52	46.68	[1] im
46.68	46.88	[1] sorry
47.32	47.36	[0] like
47.76	47.8	[0] i
47.84	48.12	[0] haven't
48.24	48.28	[0] i
48.4	48.68	[0] haven't
48.76	49.0	[0] gotten
49.04	49.08	[0] a
49.12	49.4	[0] bill
49.8	49.84	[0] i
50.0	50.44	[0] typically
50.52	50.72	[0] pay
50.76	50.92	[0] when
50.92	50.96	[0] i
51.04	51.08	[0] go
51.28	51.32	[0] in
52.48	52.6	[0] they
52.64	52.92	[0] haven't
52.96	53.24	[0] asked
53.28	53.32	[0] me
53.48	53.52	[0] for
53.8	53.96	[0] any
54.6	54.92	[0] money
55.84	55.88	[0] the
56.04	56.24	[0] last
56.32	56.56	[0] couple
56.68	56.92	[0] times
57.0	57.04	[0] that
57.16	57.32	[0] i've
57.36	57.56	[0] gone
57.6	57.64	[0] in
58.68	58.8	[0] they
58.84	58.96	[0] did
59.12	59.6	[0] initially
59.64	59.68	[0] in
59.84	60.36	[0] january
61.36	61.4	[0] and
61.52	61.72	[0] then
62.04	62.16	[0] there
62.2	62.28	[0] are
62.36	62.4	[0] some
62.6	62.84	[0] daates
62.84	62.88	[0] of
63.0	63.52	[0] february
63.6	63.76	[0] where
63.8	63.84	[0] i
63.88	64.04	[0] went
64.28	64.32	[0] and
64.36	64.44	[0] they
64.48	64.72	[0] didn't
64.8	65.0	[0] ask
65.08	65.12	[0] for
65.28	65.4	[0] any
65.48	65.72	[0] money
66.12	66.16	[0] so
66.92	66.96	[0] i
67.12	67.48	[0] figurre
67.56	67.6	[0] that
67.68	67.72	[0] i
67.76	67.96	[0] don't
68.0	68.04	[0] know
68.28	68.6	[0] anything
70.24	70.28	[0] but
70.44	70.6	[0] i'm
70.68	70.72	[0] not
70.8	71.0	[0] sure
71.12	71.16	[0] and
71.24	71.28	[0] i
71.4	71.56	[0] just
71.56	71.72	[0] want
71.76	71.8	[0] to
71.8	72.0	[0] make
